0.000010 0.000010 0.999970 0.000010
0.000010 0.000010 0.999970 0.000010
0.000010 0.000010 0.999970 0.000010
0.000010 0.000010 0.999970 0.000010
0.000010 0.000010 0.861676 0.138304
0.000010 0.000010 0.999970 0.000010
0.000010 0.000010 0.999970 0.000010
0.000010 0.000010 0.999970 0.000010
0.007323 0.000010 0.117192 0.875475
0.000010 0.000010 0.999970 0.000010
0.000010 0.000010 0.658800 0.341180
0.000010 0.011406 0.112387 0.876197
0.015986 0.070745 0.160610 0.752659
0.008576 0.000010 0.112861 0.878553
0.000010 0.010830 0.116330 0.872829
0.000015 0.000010 0.090886 0.909089
0.000010 0.000010 0.092276 0.907704
0.000010 0.032941 0.135596 0.831453
0.000010 0.000010 0.067175 0.932805
0.000010 0.000010 0.000010 0.999970
0.000010 0.000010 0.035323 0.964657
0.000371 0.000010 0.051093 0.948527
0.000010 0.000010 0.065381 0.934599
0.000010 0.000010 0.000010 0.999970
0.000010 0.000010 0.030030 0.969950
0.000010 0.000010 0.008783 0.991197
0.000010 0.000010 0.030838 0.969142
0.000010 0.000010 0.069575 0.930405
0.007556 0.074124 0.145613 0.772707
0.000010 0.160276 0.114312 0.725402
0.000010 0.170521 0.122423 0.707046
0.000010 0.079778 0.149575 0.770637
0.000010 0.055003 0.115255 0.829732
0.017281 0.156331 0.125687 0.700701
0.000010 0.206046 0.102152 0.691792
0.000010 0.099971 0.106608 0.793411
0.000010 0.211439 0.109733 0.678818
0.000010 0.176726 0.132682 0.690582
0.003927 0.193659 0.101629 0.700786
0.000010 0.161610 0.083727 0.754653
0.000010 0.148778 0.087504 0.763708
0.000010 0.167227 0.125705 0.707059
0.004994 0.210747 0.100540 0.683719
0.000010 0.180875 0.091901 0.727214
0.000010 0.228889 0.123516 0.647585
0.000540 0.181129 0.100442 0.717889
0.000010 0.228641 0.108851 0.662498
0.000010 0.117687 0.152436 0.729867
0.000012 0.999968 0.000010 0.000010
0.000010 0.999970 0.000010 0.000010
0.000010 0.999970 0.000010 0.000010
0.000012 0.999968 0.000010 0.000010
0.000010 0.999970 0.000010 0.000010
0.000010 0.999970 0.000010 0.000010
0.000013 0.999967 0.000010 0.000010
0.000010 0.999970 0.000010 0.000010
0.000010 0.999970 0.000010 0.000010
0.000010 0.999970 0.000010 0.000010
0.000010 0.999970 0.000010 0.000010
0.000010 0.999970 0.000010 0.000010
0.000010 0.999970 0.000010 0.000010
0.000010 0.999970 0.000010 0.000010
0.000011 0.999969 0.000010 0.000010
0.000010 0.977895 0.022085 0.000010
0.002171 0.966084 0.020160 0.011586
0.016094 0.966387 0.000010 0.017509
0.000010 0.968103 0.007883 0.024004
0.000010 0.975148 0.013055 0.011787
0.000010 0.983514 0.000010 0.016466
0.000010 0.994767 0.005213 0.000010
0.009134 0.983552 0.007304 0.000010
0.014154 0.985826 0.000010 0.000010
0.000010 0.993887 0.006093 0.000010
0.012205 0.980733 0.007052 0.000010
0.000010 0.973275 0.000549 0.026166
0.000010 0.992067 0.007913 0.000010
0.000010 0.999970 0.000010 0.000010
0.000010 0.999970 0.000010 0.000010
0.355969 0.000010 0.000010 0.644011
0.337159 0.000010 0.000010 0.662821
0.322189 0.000010 0.000010 0.677791
0.374249 0.000010 0.000010 0.625731
0.336497 0.000010 0.000010 0.663483
0.339577 0.000010 0.000010 0.660403
0.340523 0.000010 0.000010 0.659457
0.350551 0.000010 0.000010 0.649429
0.337442 0.000010 0.000010 0.662538
0.364165 0.000010 0.000010 0.635815
0.999970 0.000010 0.000010 0.000010
0.999970 0.000010 0.000010 0.000010
0.999966 0.000010 0.000014 0.000010
0.677062 0.000010 0.000010 0.322918
0.999970 0.000010 0.000010 0.000010
0.999970 0.000010 0.000010 0.000010
0.999970 0.000010 0.000010 0.000010
0.999970 0.000010 0.000010 0.000010
0.999970 0.000010 0.000010 0.000010
0.999970 0.000010 0.000010 0.000010
